(kicad_pcb (version 20171130) (host pcbnew "(5.0.2)-1")

  (general
    (thickness 1.6)
    (drawings 19)
    (tracks 942)
    (zones 0)
    (modules 239)
    (nets 225)
  )

  (page A3)
  (layers
    (0 F.Cu signal)
    (31 B.Cu signal)
    (32 B.Adhes user)
    (33 F.Adhes user)
    (34 B.Paste user)
    (35 F.Paste user)
    (36 B.SilkS user)
    (37 F.SilkS user)
    (38 B.Mask user)
    (39 F.Mask user)
    (40 Dwgs.User user)
    (41 Cmts.User user)
    (42 Eco1.User user)
    (43 Eco2.User user)
    (44 Edge.Cuts user)
    (45 Margin user)
    (46 B.CrtYd user)
    (47 F.CrtYd user)
    (48 B.Fab user)
    (49 F.Fab user)
  )

  (setup
    (last_trace_width 0.254)
    (trace_clearance 0.2)
    (zone_clearance 0.508)
    (zone_45_only no)
    (trace_min 0.2)
    (segment_width 0.2)
    (edge_width 0.15)
    (via_size 0.8)
    (via_drill 0.4)
    (via_min_size 0.4)
    (via_min_drill 0.3)
    (uvia_size 0.3)
    (uvia_drill 0.1)
    (uvias_allowed no)
    (uvia_min_size 0.2)
    (uvia_min_drill 0.1)
    (pcb_text_width 0.3)
    (pcb_text_size 1.5 1.5)
    (mod_edge_width 0.15)
    (mod_text_size 1 1)
    (mod_text_width 0.15)
    (pad_size 1.524 1.524)
    (pad_drill 0.762)
    (pad_to_mask_clearance 0.051)
    (solder_mask_min_width 0.25)
    (aux_axis_origin 0 0)
    (visible_elements 7FFFFFFF)
    (pcbplotparams
      (layerselection 0x010fc_ffffffff)
      (usegerberextensions false)
      (usegerberattributes false)
      (usegerberadvancedattributes false)
      (creategerberjobfile false)
      (excludeedgelayer true)
      (linewidth 0.100000)
      (plotframeref false)
      (viasonmask false)
      (mode 1)
      (useauxorigin false)
      (hpglpennumber 1)
      (hpglpenspeed 20)
      (hpglpendiameter 15.000000)
      (psnegative false)
      (psa4output false)
      (plotreference true)
      (plotvalue true)
      (plotinvisibletext false)
      (padsonsilk false)
      (subtractmaskfromsilk false)
      (outputformat 1)
      (mirror false)
      (drillshape 1)
      (scaleselection 1)
      (outputdirectory ""))
  )

  (net 0 "")
  (net 1 +5V)
  (net 2 GND)
  (net 3 "Net-(C5-Pad1)")
  (net 4 "Net-(C6-Pad1)")
  (net 5 "Net-(C7-Pad1)")
  (net 6 ROW0)
  (net 7 ROW1)
  (net 8 ROW2)
  (net 9 ROW3)
  (net 10 ROW4)
  (net 11 ROW5)
  (net 12 "Net-(D11-Pad2)")
  (net 13 "Net-(D12-Pad2)")
  (net 14 "Net-(D13-Pad2)")
  (net 15 "Net-(D14-Pad2)")
  (net 16 "Net-(D15-Pad2)")
  (net 17 "Net-(D16-Pad2)")
  (net 18 "Net-(D19-Pad2)")
  (net 19 "Net-(D21-Pad2)")
  (net 20 "Net-(D22-Pad2)")
  (net 21 "Net-(D23-Pad2)")
  (net 22 "Net-(D24-Pad2)")
  (net 23 "Net-(D25-Pad2)")
  (net 24 "Net-(D26-Pad2)")
  (net 25 "Net-(D27-Pad2)")
  (net 26 "Net-(D28-Pad2)")
  (net 27 "Net-(D29-Pad2)")
  (net 28 "Net-(D31-Pad2)")
  (net 29 "Net-(D32-Pad2)")
  (net 30 "Net-(D33-Pad2)")
  (net 31 "Net-(D34-Pad2)")
  (net 32 "Net-(D35-Pad2)")
  (net 33 "Net-(D36-Pad2)")
  (net 34 "Net-(D37-Pad2)")
  (net 35 ROW1R)
  (net 36 "Net-(D38-Pad2)")
  (net 37 ROW2R)
  (net 38 ROW3R)
  (net 39 "Net-(D39-Pad2)")
  (net 40 ROW0R)
  (net 41 "Net-(D41-Pad2)")
  (net 42 "Net-(D42-Pad2)")
  (net 43 "Net-(D43-Pad2)")
  (net 44 ROW4R)
  (net 45 "Net-(D44-Pad2)")
  (net 46 "Net-(D45-Pad2)")
  (net 47 ROW5R)
  (net 48 "Net-(D46-Pad2)")
  (net 49 "Net-(D47-Pad2)")
  (net 50 "Net-(D48-Pad2)")
  (net 51 "Net-(D49-Pad2)")
  (net 52 "Net-(D51-Pad2)")
  (net 53 "Net-(D52-Pad2)")
  (net 54 "Net-(D53-Pad2)")
  (net 55 "Net-(D54-Pad2)")
  (net 56 "Net-(D55-Pad2)")
  (net 57 "Net-(D56-Pad2)")
  (net 58 "Net-(D59-Pad2)")
  (net 59 "Net-(D61-Pad2)")
  (net 60 "Net-(D64-Pad2)")
  (net 61 "Net-(D66-Pad2)")
  (net 62 "Net-(D69-Pad2)")
  (net 63 "Net-(F1-Pad2)")
  (net 64 COL13)
  (net 65 COl12)
  (net 66 COL11)
  (net 67 COL10)
  (net 68 COL9)
  (net 69 COL8)
  (net 70 COL7)
  (net 71 LedGND)
  (net 72 5VR)
  (net 73 LedGNDR)
  (net 74 COL7R)
  (net 75 COL8R)
  (net 76 COL9R)
  (net 77 COL10R)
  (net 78 COl11R)
  (net 79 COL12R)
  (net 80 COL13R)
  (net 81 "Net-(J3-Pad2)")
  (net 82 "Net-(J3-Pad3)")
  (net 83 "Net-(M1-Pad2)")
  (net 84 COL0)
  (net 85 COL1)
  (net 86 COL2)
  (net 87 COL3)
  (net 88 COL4)
  (net 89 COL5)
  (net 90 COL6)
  (net 91 "Net-(R1-Pad1)")
  (net 92 "Net-(R2-Pad1)")
  (net 93 "Net-(R3-Pad2)")
  (net 94 "Net-(R4-Pad2)")
  (net 95 SwLedPWM)
  (net 96 "Net-(U1-Pad1)")
  (net 97 "Net-(U1-Pad8)")
  (net 98 "Net-(U1-Pad9)")
  (net 99 "Net-(U1-Pad10)")
  (net 100 "Net-(U1-Pad11)")
  (net 101 "Net-(U1-Pad12)")
  (net 102 "Net-(U1-Pad18)")
  (net 103 "Net-(U1-Pad19)")
  (net 104 "Net-(U1-Pad20)")
  (net 105 "Net-(U1-Pad21)")
  (net 106 "Net-(U1-Pad22)")
  (net 107 "Net-(U1-Pad25)")
  (net 108 "Net-(U1-Pad26)")
  (net 109 "Net-(U1-Pad27)")
  (net 110 "Net-(U1-Pad28)")
  (net 111 "Net-(U1-Pad29)")
  (net 112 "Net-(U1-Pad30)")
  (net 113 "Net-(U1-Pad31)")
  (net 114 "Net-(U1-Pad32)")
  (net 115 "Net-(U1-Pad36)")
  (net 116 "Net-(U1-Pad37)")
  (net 117 "Net-(U1-Pad38)")
  (net 118 "Net-(U1-Pad39)")
  (net 119 "Net-(U1-Pad40)")
  (net 120 "Net-(U1-Pad41)")
  (net 121 "Net-(U1-Pad42)")
  (net 122 "Net-(D110-Pad2)")
  (net 123 "Net-(D111-Pad2)")
  (net 124 "Net-(D112-Pad2)")
  (net 125 "Net-(D113-Pad2)")
  (net 126 "Net-(D114-Pad2)")
  (net 127 "Net-(D210-Pad2)")
  (net 128 "Net-(D211-Pad2)")
  (net 129 "Net-(D212-Pad2)")
  (net 130 "Net-(D213-Pad2)")
  (net 131 "Net-(D214-Pad2)")
  (net 132 "Net-(D310-Pad2)")
  (net 133 "Net-(D311-Pad2)")
  (net 134 "Net-(D312-Pad2)")
  (net 135 "Net-(D313-Pad2)")
  (net 136 "Net-(D314-Pad2)")
  (net 137 "Net-(D410-Pad2)")
  (net 138 "Net-(D411-Pad2)")
  (net 139 "Net-(D412-Pad2)")
  (net 140 "Net-(D413-Pad2)")
  (net 141 "Net-(D414-Pad2)")
  (net 142 "Net-(D510-Pad2)")
  (net 143 "Net-(D511-Pad2)")
  (net 144 "Net-(D512-Pad2)")
  (net 145 "Net-(D513-Pad2)")
  (net 146 "Net-(D514-Pad2)")
  (net 147 "Net-(D610-Pad2)")
  (net 148 "Net-(D611-Pad2)")
  (net 149 "Net-(D614-Pad2)")
  (net 150 "Net-(MX_0-Pad4)")
  (net 151 "Net-(MX_1-Pad4)")
  (net 152 "Net-(MX_2-Pad4)")
  (net 153 "Net-(MX_3-Pad4)")
  (net 154 "Net-(MX_4-Pad4)")
  (net 155 "Net-(MX_5-Pad4)")
  (net 156 "Net-(MX_6-Pad4)")
  (net 157 "Net-(MX_7-Pad4)")
  (net 158 "Net-(MX_8-Pad4)")
  (net 159 "Net-(MX_9-Pad4)")
  (net 160 "Net-(MX_'1-Pad4)")
  (net 161 "Net-(MX_-1-Pad4)")
  (net 162 "Net-(MX_/1-Pad4)")
  (net 163 "Net-(MX_;1-Pad4)")
  (net 164 "Net-(MX_<1-Pad4)")
  (net 165 "Net-(MX_=1-Pad4)")
  (net 166 "Net-(MX_>1-Pad4)")
  (net 167 "Net-(MX_A1-Pad4)")
  (net 168 "Net-(MX_B1-Pad4)")
  (net 169 "Net-(MX_BackSpace1-Pad4)")
  (net 170 "Net-(MX_C1-Pad4)")
  (net 171 "Net-(MX_D1-Pad4)")
  (net 172 "Net-(MX_DEL1-Pad4)")
  (net 173 "Net-(MX_E1-Pad4)")
  (net 174 "Net-(MX_END1-Pad4)")
  (net 175 "Net-(MX_ENTER1-Pad4)")
  (net 176 "Net-(MX_ESC1-Pad4)")
  (net 177 "Net-(MX_F1-Pad4)")
  (net 178 "Net-(MX_F2-Pad4)")
  (net 179 "Net-(MX_F3-Pad4)")
  (net 180 "Net-(MX_F4-Pad4)")
  (net 181 "Net-(MX_F5-Pad4)")
  (net 182 "Net-(MX_F6-Pad4)")
  (net 183 "Net-(MX_F7-Pad4)")
  (net 184 "Net-(MX_F8-Pad4)")
  (net 185 "Net-(MX_F9-Pad4)")
  (net 186 "Net-(MX_F10-Pad4)")
  (net 187 "Net-(MX_F11-Pad4)")
  (net 188 "Net-(MX_F12-Pad4)")
  (net 189 "Net-(MX_F13-Pad4)")
  (net 190 "Net-(MX_FN1-Pad4)")
  (net 191 "Net-(MX_FN2-Pad4)")
  (net 192 "Net-(MX_G1-Pad4)")
  (net 193 "Net-(MX_H1-Pad4)")
  (net 194 "Net-(MX_HOME1-Pad4)")
  (net 195 "Net-(MX_I1-Pad4)")
  (net 196 "Net-(MX_J1-Pad4)")
  (net 197 "Net-(MX_K1-Pad4)")
  (net 198 "Net-(MX_L1-Pad4)")
  (net 199 "Net-(MX_LALT1-Pad4)")
  (net 200 "Net-(MX_LCTRL1-Pad4)")
  (net 201 "Net-(MX_LSHIFT1-Pad4)")
  (net 202 "Net-(MX_M1-Pad4)")
  (net 203 "Net-(MX_N1-Pad4)")
  (net 204 "Net-(MX_O1-Pad4)")
  (net 205 "Net-(MX_P1-Pad4)")
  (net 206 "Net-(MX_PGDN1-Pad1)")
  (net 207 "Net-(MX_PGDN1-Pad4)")
  (net 208 "Net-(MX_PGUP1-Pad4)")
  (net 209 "Net-(MX_Q1-Pad4)")
  (net 210 "Net-(MX_R1-Pad4)")
  (net 211 "Net-(MX_RALT1-Pad4)")
  (net 212 "Net-(MX_RCTRL1-Pad4)")
  (net 213 "Net-(MX_RSHIFT1-Pad4)")
  (net 214 "Net-(MX_S1-Pad4)")
  (net 215 "Net-(MX_SPACE1-Pad4)")
  (net 216 "Net-(MX_T1-Pad4)")
  (net 217 "Net-(MX_TAB1-Pad4)")
  (net 218 "Net-(MX_U1-Pad4)")
  (net 219 "Net-(MX_V1-Pad4)")
  (net 220 "Net-(MX_W1-Pad4)")
  (net 221 "Net-(MX_X1-Pad4)")
  (net 222 "Net-(MX_Y1-Pad4)")
  (net 223 "Net-(MX_Z1-Pad4)")
  (net 224 "Net-(MXIL1-Pad4)")

  (net_class Default "This is the default net class."
    (clearance 0.2)
    (trace_width 0.254)
    (via_dia 0.8)
    (via_drill 0.4)
    (uvia_dia 0.3)
    (uvia_drill 0.1)
    (add_net COL0)
    (add_net COL1)
    (add_net COL10)
    (add_net COL10R)
    (add_net COL11)
    (add_net COL12R)
    (add_net COL13)
    (add_net COL13R)
    (add_net COL2)
    (add_net COL3)
    (add_net COL4)
    (add_net COL5)
    (add_net COL6)
    (add_net COL7)
    (add_net COL7R)
    (add_net COL8)
    (add_net COL8R)
    (add_net COL9)
    (add_net COL9R)
    (add_net COl11R)
    (add_net COl12)
    (add_net "Net-(C5-Pad1)")
    (add_net "Net-(C6-Pad1)")
    (add_net "Net-(C7-Pad1)")
    (add_net "Net-(D11-Pad2)")
    (add_net "Net-(D110-Pad2)")
    (add_net "Net-(D111-Pad2)")
    (add_net "Net-(D112-Pad2)")
    (add_net "Net-(D113-Pad2)")
    (add_net "Net-(D114-Pad2)")
    (add_net "Net-(D12-Pad2)")
    (add_net "Net-(D13-Pad2)")
    (add_net "Net-(D14-Pad2)")
    (add_net "Net-(D15-Pad2)")
    (add_net "Net-(D16-Pad2)")
    (add_net "Net-(D19-Pad2)")
    (add_net "Net-(D21-Pad2)")
    (add_net "Net-(D210-Pad2)")
    (add_net "Net-(D211-Pad2)")
    (add_net "Net-(D212-Pad2)")
    (add_net "Net-(D213-Pad2)")
    (add_net "Net-(D214-Pad2)")
    (add_net "Net-(D22-Pad2)")
    (add_net "Net-(D23-Pad2)")
    (add_net "Net-(D24-Pad2)")
    (add_net "Net-(D25-Pad2)")
    (add_net "Net-(D26-Pad2)")
    (add_net "Net-(D27-Pad2)")
    (add_net "Net-(D28-Pad2)")
    (add_net "Net-(D29-Pad2)")
    (add_net "Net-(D31-Pad2)")
    (add_net "Net-(D310-Pad2)")
    (add_net "Net-(D311-Pad2)")
    (add_net "Net-(D312-Pad2)")
    (add_net "Net-(D313-Pad2)")
    (add_net "Net-(D314-Pad2)")
    (add_net "Net-(D32-Pad2)")
    (add_net "Net-(D33-Pad2)")
    (add_net "Net-(D34-Pad2)")
    (add_net "Net-(D35-Pad2)")
    (add_net "Net-(D36-Pad2)")
    (add_net "Net-(D37-Pad2)")
    (add_net "Net-(D38-Pad2)")
    (add_net "Net-(D39-Pad2)")
    (add_net "Net-(D41-Pad2)")
    (add_net "Net-(D410-Pad2)")
    (add_net "Net-(D411-Pad2)")
    (add_net "Net-(D412-Pad2)")
    (add_net "Net-(D413-Pad2)")
    (add_net "Net-(D414-Pad2)")
    (add_net "Net-(D42-Pad2)")
    (add_net "Net-(D43-Pad2)")
    (add_net "Net-(D44-Pad2)")
    (add_net "Net-(D45-Pad2)")
    (add_net "Net-(D46-Pad2)")
    (add_net "Net-(D47-Pad2)")
    (add_net "Net-(D48-Pad2)")
    (add_net "Net-(D49-Pad2)")
    (add_net "Net-(D51-Pad2)")
    (add_net "Net-(D510-Pad2)")
    (add_net "Net-(D511-Pad2)")
    (add_net "Net-(D512-Pad2)")
    (add_net "Net-(D513-Pad2)")
    (add_net "Net-(D514-Pad2)")
    (add_net "Net-(D52-Pad2)")
    (add_net "Net-(D53-Pad2)")
    (add_net "Net-(D54-Pad2)")
    (add_net "Net-(D55-Pad2)")
    (add_net "Net-(D56-Pad2)")
    (add_net "Net-(D59-Pad2)")
    (add_net "Net-(D61-Pad2)")
    (add_net "Net-(D610-Pad2)")
    (add_net "Net-(D611-Pad2)")
    (add_net "Net-(D614-Pad2)")
    (add_net "Net-(D64-Pad2)")
    (add_net "Net-(D66-Pad2)")
    (add_net "Net-(D69-Pad2)")
    (add_net "Net-(F1-Pad2)")
    (add_net "Net-(J3-Pad2)")
    (add_net "Net-(J3-Pad3)")
    (add_net "Net-(M1-Pad2)")
    (add_net "Net-(MXIL1-Pad4)")
    (add_net "Net-(MX_'1-Pad4)")
    (add_net "Net-(MX_-1-Pad4)")
    (add_net "Net-(MX_/1-Pad4)")
    (add_net "Net-(MX_0-Pad4)")
    (add_net "Net-(MX_1-Pad4)")
    (add_net "Net-(MX_2-Pad4)")
    (add_net "Net-(MX_3-Pad4)")
    (add_net "Net-(MX_4-Pad4)")
    (add_net "Net-(MX_5-Pad4)")
    (add_net "Net-(MX_6-Pad4)")
    (add_net "Net-(MX_7-Pad4)")
    (add_net "Net-(MX_8-Pad4)")
    (add_net "Net-(MX_9-Pad4)")
    (add_net "Net-(MX_;1-Pad4)")
    (add_net "Net-(MX_<1-Pad4)")
    (add_net "Net-(MX_=1-Pad4)")
    (add_net "Net-(MX_>1-Pad4)")
    (add_net "Net-(MX_A1-Pad4)")
    (add_net "Net-(MX_B1-Pad4)")
    (add_net "Net-(MX_BackSpace1-Pad4)")
    (add_net "Net-(MX_C1-Pad4)")
    (add_net "Net-(MX_D1-Pad4)")
    (add_net "Net-(MX_DEL1-Pad4)")
    (add_net "Net-(MX_E1-Pad4)")
    (add_net "Net-(MX_END1-Pad4)")
    (add_net "Net-(MX_ENTER1-Pad4)")
    (add_net "Net-(MX_ESC1-Pad4)")
    (add_net "Net-(MX_F1-Pad4)")
    (add_net "Net-(MX_F10-Pad4)")
    (add_net "Net-(MX_F11-Pad4)")
    (add_net "Net-(MX_F12-Pad4)")
    (add_net "Net-(MX_F13-Pad4)")
    (add_net "Net-(MX_F2-Pad4)")
    (add_net "Net-(MX_F3-Pad4)")
    (add_net "Net-(MX_F4-Pad4)")
    (add_net "Net-(MX_F5-Pad4)")
    (add_net "Net-(MX_F6-Pad4)")
    (add_net "Net-(MX_F7-Pad4)")
    (add_net "Net-(MX_F8-Pad4)")
    (add_net "Net-(MX_F9-Pad4)")
    (add_net "Net-(MX_FN1-Pad4)")
    (add_net "Net-(MX_FN2-Pad4)")
    (add_net "Net-(MX_G1-Pad4)")
    (add_net "Net-(MX_H1-Pad4)")
    (add_net "Net-(MX_HOME1-Pad4)")
    (add_net "Net-(MX_I1-Pad4)")
    (add_net "Net-(MX_J1-Pad4)")
    (add_net "Net-(MX_K1-Pad4)")
    (add_net "Net-(MX_L1-Pad4)")
    (add_net "Net-(MX_LALT1-Pad4)")
    (add_net "Net-(MX_LCTRL1-Pad4)")
    (add_net "Net-(MX_LSHIFT1-Pad4)")
    (add_net "Net-(MX_M1-Pad4)")
    (add_net "Net-(MX_N1-Pad4)")
    (add_net "Net-(MX_O1-Pad4)")
    (add_net "Net-(MX_P1-Pad4)")
    (add_net "Net-(MX_PGDN1-Pad1)")
    (add_net "Net-(MX_PGDN1-Pad4)")
    (add_net "Net-(MX_PGUP1-Pad4)")
    (add_net "Net-(MX_Q1-Pad4)")
    (add_net "Net-(MX_R1-Pad4)")
    (add_net "Net-(MX_RALT1-Pad4)")
    (add_net "Net-(MX_RCTRL1-Pad4)")
    (add_net "Net-(MX_RSHIFT1-Pad4)")
    (add_net "Net-(MX_S1-Pad4)")
    (add_net "Net-(MX_SPACE1-Pad4)")
    (add_net "Net-(MX_T1-Pad4)")
    (add_net "Net-(MX_TAB1-Pad4)")
    (add_net "Net-(MX_U1-Pad4)")
    (add_net "Net-(MX_V1-Pad4)")
    (add_net "Net-(MX_W1-Pad4)")
    (add_net "Net-(MX_X1-Pad4)")
    (add_net "Net-(MX_Y1-Pad4)")
    (add_net "Net-(MX_Z1-Pad4)")
    (add_net "Net-(R1-Pad1)")
    (add_net "Net-(R2-Pad1)")
    (add_net "Net-(R3-Pad2)")
    (add_net "Net-(R4-Pad2)")
    (add_net "Net-(U1-Pad1)")
    (add_net "Net-(U1-Pad10)")
    (add_net "Net-(U1-Pad11)")
    (add_net "Net-(U1-Pad12)")
    (add_net "Net-(U1-Pad18)")
    (add_net "Net-(U1-Pad19)")
    (add_net "Net-(U1-Pad20)")
    (add_net "Net-(U1-Pad21)")
    (add_net "Net-(U1-Pad22)")
    (add_net "Net-(U1-Pad25)")
    (add_net "Net-(U1-Pad26)")
    (add_net "Net-(U1-Pad27)")
    (add_net "Net-(U1-Pad28)")
    (add_net "Net-(U1-Pad29)")
    (add_net "Net-(U1-Pad30)")
    (add_net "Net-(U1-Pad31)")
    (add_net "Net-(U1-Pad32)")
    (add_net "Net-(U1-Pad36)")
    (add_net "Net-(U1-Pad37)")
    (add_net "Net-(U1-Pad38)")
    (add_net "Net-(U1-Pad39)")
    (add_net "Net-(U1-Pad40)")
    (add_net "Net-(U1-Pad41)")
    (add_net "Net-(U1-Pad42)")
    (add_net "Net-(U1-Pad8)")
    (add_net "Net-(U1-Pad9)")
    (add_net ROW0)
    (add_net ROW0R)
    (add_net ROW1)
    (add_net ROW1R)
    (add_net ROW2)
    (add_net ROW2R)
    (add_net ROW3)
    (add_net ROW3R)
    (add_net ROW4)
    (add_net ROW4R)
    (add_net ROW5)
    (add_net ROW5R)
    (add_net SwLedPWM)
  )

  (net_class Power ""
    (clearance 0.2)
    (trace_width 0.381)
    (via_dia 0.8)
    (via_drill 0.4)
    (uvia_dia 0.3)
    (uvia_drill 0.1)
    (add_net +5V)
    (add_net 5VR)
    (add_net GND)
    (add_net LedGND)
    (add_net LedGNDR)
  )

  (module Capacitor_SMD:C_0805_2012Metric (layer F.Cu) (tedit 5B36C52B) (tstamp 5CAEAE49)
    (at 213.033751 36.223751)
    (descr "Capacitor SMD 0805 (2012 Metric), square (rectangular) end terminal, IPC_7351 nominal, (Body size source: https://docs.google.com/spreadsheets/d/1BsfQQcO9C6DZCsRaXUlFlo91Tg2WpOkGARC1WS5S8t0/edit?usp=sharing), generated with kicad-footprint-generator")
    (tags capacitor)
    (path /5C80E128)
    (attr smd)
    (fp_text reference C1 (at 0 -1.65) (layer F.SilkS)
      (effects (font (size 1 1) (thickness 0.15)))
    )
    (fp_text value 0.1uF (at 0 1.65) (layer F.Fab)
      (effects (font (size 1 1) (thickness 0.15)))
    )
    (fp_line (start -1 0.6) (end -1 -0.6) (layer F.Fab) (width 0.1))
    (fp_line (start -1 -0.6) (end 1 -0.6) (layer F.Fab) (width 0.1))
    (fp_line (start 1 -0.6) (end 1 0.6) (layer F.Fab) (width 0.1))
    (fp_line (start 1 0.6) (end -1 0.6) (layer F.Fab) (width 0.1))
    (fp_line (start -0.258578 -0.71) (end 0.258578 -0.71) (layer F.SilkS) (width 0.12))
    (fp_line (start -0.258578 0.71) (end 0.258578 0.71) (layer F.SilkS) (width 0.12))
    (fp_line (start -1.68 0.95) (end -1.68 -0.95) (layer F.CrtYd) (width 0.05))
    (fp_line (start -1.68 -0.95) (end 1.68 -0.95) (layer F.CrtYd) (width 0.05))
    (fp_line (start 1.68 -0.95) (end 1.68 0.95) (layer F.CrtYd) (width 0.05))
    (fp_line (start 1.68 0.95) (end -1.68 0.95) (layer F.CrtYd) (width 0.05))
    (fp_text user %R (at 0 0) (layer F.Fab)
      (effects (font (size 0.5 0.5) (thickness 0.08)))
    )
    (pad 1 smd roundrect (at -0.9375 0) (size 0.975 1.4) (layers F.Cu F.Paste F.Mask) (roundrect_rratio 0.25)
      (net 1 +5V))
    (pad 2 smd roundrect (at 0.9375 0) (size 0.975 1.4) (layers F.Cu F.Paste F.Mask) (roundrect_rratio 0.25)
      (net 2 GND))
    (model ${KISYS3DMOD}/Capacitor_SMD.3dshapes/C_0805_2012Metric.wrl
      (at (xyz 0 0 0))
      (scale (xyz 1 1 1))
      (rotate (xyz 0 0 0))
    )
  )

  (module Capacitor_SMD:C_0805_2012Metric (layer F.Cu) (tedit 5B36C52B) (tstamp 5CAEB269)
    (at 201.163751 37.713751)
    (descr "Capacitor SMD 0805 (2012 Metric), square (rectangular) end terminal, IPC_7351 nominal, (Body size source: https://docs.google.com/spreadsheets/d/1BsfQQcO9C6DZCsRaXUlFlo91Tg2WpOkGARC1WS5S8t0/edit?usp=sharing), generated with kicad-footprint-generator")
    (tags capacitor)
    (path /5C80E1AB)
    (attr smd)
    (fp_text reference C2 (at 0 -1.65) (layer F.SilkS)
      (effects (font (size 1 1) (thickness 0.15)))
    )
    (fp_text value 0.1uF (at 0 1.65) (layer F.Fab)
      (effects (font (size 1 1) (thickness 0.15)))
    )
    (fp_text user %R (at 0 0) (layer F.Fab)
      (effects (font (size 0.5 0.5) (thickness 0.08)))
    )
    (fp_line (start 1.68 0.95) (end -1.68 0.95) (layer F.CrtYd) (width 0.05))
    (fp_line (start 1.68 -0.95) (end 1.68 0.95) (layer F.CrtYd) (width 0.05))
    (fp_line (start -1.68 -0.95) (end 1.68 -0.95) (layer F.CrtYd) (width 0.05))
    (fp_line (start -1.68 0.95) (end -1.68 -0.95) (layer F.CrtYd) (width 0.05))
    (fp_line (start -0.258578 0.71) (end 0.258578 0.71) (layer F.SilkS) (width 0.12))
    (fp_line (start -0.258578 -0.71) (end 0.258578 -0.71) (layer F.SilkS) (width 0.12))
    (fp_line (start 1 0.6) (end -1 0.6) (layer F.Fab) (width 0.1))
    (fp_line (start 1 -0.6) (end 1 0.6) (layer F.Fab) (width 0.1))
    (fp_line (start -1 -0.6) (end 1 -0.6) (layer F.Fab) (width 0.1))
    (fp_line (start -1 0.6) (end -1 -0.6) (layer F.Fab) (width 0.1))
    (pad 2 smd roundrect (at 0.9375 0) (size 0.975 1.4) (layers F.Cu F.Paste F.Mask) (roundrect_rratio 0.25)
      (net 2 GND))
    (pad 1 smd roundrect (at -0.9375 0) (size 0.975 1.4) (layers F.Cu F.Paste F.Mask) (roundrect_rratio 0.25)
      (net 1 +5V))
    (model ${KISYS3DMOD}/Capacitor_SMD.3dshapes/C_0805_2012Metric.wrl
      (at (xyz 0 0 0))
      (scale (xyz 1 1 1))
      (rotate (xyz 0 0 0))
    )
  )

  (module Capacitor_SMD:C_0805_2012Metric (layer F.Cu) (tedit 5B36C52B) (tstamp 5CAEB299)
    (at 217.473751 31.563751)
    (descr "Capacitor SMD 0805 (2012 Metric), square (rectangular) end terminal, IPC_7351 nominal, (Body size source: https://docs.google.com/spreadsheets/d/1BsfQQcO9C6DZCsRaXUlFlo91Tg2WpOkGARC1WS5S8t0/edit?usp=sharing), generated with kicad-footprint-generator")
    (tags capacitor)
    (path /5C80E1DB)
    (attr smd)
    (fp_text reference C3 (at 0 -1.65) (layer F.SilkS)
      (effects (font (size 1 1) (thickness 0.15)))
    )
    (fp_text value 0.1uF (at 0 1.65) (layer F.Fab)
      (effects (font (size 1 1) (thickness 0.15)))
    )
    (fp_line (start -1 0.6) (end -1 -0.6) (layer F.Fab) (width 0.1))
    (fp_line (start -1 -0.6) (end 1 -0.6) (layer F.Fab) (width 0.1))
    (fp_line (start 1 -0.6) (end 1 0.6) (layer F.Fab) (width 0.1))
    (fp_line (start 1 0.6) (end -1 0.6) (layer F.Fab) (width 0.1))
    (fp_line (start -0.258578 -0.71) (end 0.258578 -0.71) (layer F.SilkS) (width 0.12))
    (fp_line (start -0.258578 0.71) (end 0.258578 0.71) (layer F.SilkS) (width 0.12))
    (fp_line (start -1.68 0.95) (end -1.68 -0.95) (layer F.CrtYd) (width 0.05))
    (fp_line (start -1.68 -0.95) (end 1.68 -0.95) (layer F.CrtYd) (width 0.05))
    (fp_line (start 1.68 -0.95) (end 1.68 0.95) (layer F.CrtYd) (width 0.05))
    (fp_line (start 1.68 0.95) (end -1.68 0.95) (layer F.CrtYd) (width 0.05))
    (fp_text user %R (at 0 0) (layer F.Fab)
      (effects (font (size 0.5 0.5) (thickness 0.08)))
    )
    (pad 1 smd roundrect (at -0.9375 0) (size 0.975 1.4) (layers F.Cu F.Paste F.Mask) (roundrect_rratio 0.25)
      (net 1 +5V))
    (pad 2 smd roundrect (at 0.9375 0) (size 0.975 1.4) (layers F.Cu F.Paste F.Mask) (roundrect_rratio 0.25)
      (net 2 GND))
    (model ${KISYS3DMOD}/Capacitor_SMD.3dshapes/C_0805_2012Metric.wrl
      (at (xyz 0 0 0))
      (scale (xyz 1 1 1))
      (rotate (xyz 0 0 0))
    )
  )

  (module Capacitor_SMD:C_0805_2012Metric (layer F.Cu) (tedit 5B36C52B) (tstamp 5CAEB239)
    (at 220.883751 27.713751)
    (descr "Capacitor SMD 0805 (2012 Metric), square (rectangular) end terminal, IPC_7351 nominal, (Body size source: https://docs.google.com/spreadsheets/d/1BsfQQcO9C6DZCsRaXUlFlo91Tg2WpOkGARC1WS5S8t0/edit?usp=sharing), generated with kicad-footprint-generator")
    (tags capacitor)
    (path /5C80E209)
    (attr smd)
    (fp_text reference C4 (at 0 -1.65) (layer F.SilkS)
      (effects (font (size 1 1) (thickness 0.15)))
    )
    (fp_text value 10uF (at 0 1.65) (layer F.Fab)
      (effects (font (size 1 1) (thickness 0.15)))
    )
    (fp_text user %R (at 0 0) (layer F.Fab)
      (effects (font (size 0.5 0.5) (thickness 0.08)))
    )
    (fp_line (start 1.68 0.95) (end -1.68 0.95) (layer F.CrtYd) (width 0.05))
    (fp_line (start 1.68 -0.95) (end 1.68 0.95) (layer F.CrtYd) (width 0.05))
    (fp_line (start -1.68 -0.95) (end 1.68 -0.95) (layer F.CrtYd) (width 0.05))
    (fp_line (start -1.68 0.95) (end -1.68 -0.95) (layer F.CrtYd) (width 0.05))
    (fp_line (start -0.258578 0.71) (end 0.258578 0.71) (layer F.SilkS) (width 0.12))
    (fp_line (start -0.258578 -0.71) (end 0.258578 -0.71) (layer F.SilkS) (width 0.12))
    (fp_line (start 1 0.6) (end -1 0.6) (layer F.Fab) (width 0.1))
    (fp_line (start 1 -0.6) (end 1 0.6) (layer F.Fab) (width 0.1))
    (fp_line (start -1 -0.6) (end 1 -0.6) (layer F.Fab) (width 0.1))
    (fp_line (start -1 0.6) (end -1 -0.6) (layer F.Fab) (width 0.1))
    (pad 2 smd roundrect (at 0.9375 0) (size 0.975 1.4) (layers F.Cu F.Paste F.Mask) (roundrect_rratio 0.25)
      (net 2 GND))
    (pad 1 smd roundrect (at -0.9375 0) (size 0.975 1.4) (layers F.Cu F.Paste F.Mask) (roundrect_rratio 0.25)
      (net 1 +5V))
    (model ${KISYS3DMOD}/Capacitor_SMD.3dshapes/C_0805_2012Metric.wrl
      (at (xyz 0 0 0))
      (scale (xyz 1 1 1))
      (rotate (xyz 0 0 0))
    )
  )

  (module Capacitor_SMD:C_0805_2012Metric (layer F.Cu) (tedit 5B36C52B) (tstamp 5CAEB209)
    (at 211.393751 38.173751)
    (descr "Capacitor SMD 0805 (2012 Metric), square (rectangular) end terminal, IPC_7351 nominal, (Body size source: https://docs.google.com/spreadsheets/d/1BsfQQcO9C6DZCsRaXUlFlo91Tg2WpOkGARC1WS5S8t0/edit?usp=sharing), generated with kicad-footprint-generator")
    (tags capacitor)
    (path /5C81D6AA)
    (attr smd)
    (fp_text reference C5 (at 0 -1.65) (layer F.SilkS)
      (effects (font (size 1 1) (thickness 0.15)))
    )
    (fp_text value 22pF (at 0 1.65) (layer F.Fab)
      (effects (font (size 1 1) (thickness 0.15)))
    )
    (fp_line (start -1 0.6) (end -1 -0.6) (layer F.Fab) (width 0.1))
    (fp_line (start -1 -0.6) (end 1 -0.6) (layer F.Fab) (width 0.1))
    (fp_line (start 1 -0.6) (end 1 0.6) (layer F.Fab) (width 0.1))
    (fp_line (start 1 0.6) (end -1 0.6) (layer F.Fab) (width 0.1))
    (fp_line (start -0.258578 -0.71) (end 0.258578 -0.71) (layer F.SilkS) (width 0.12))
    (fp_line (start -0.258578 0.71) (end 0.258578 0.71) (layer F.SilkS) (width 0.12))
    (fp_line (start -1.68 0.95) (end -1.68 -0.95) (layer F.CrtYd) (width 0.05))
    (fp_line (start -1.68 -0.95) (end 1.68 -0.95) (layer F.CrtYd) (width 0.05))
    (fp_line (start 1.68 -0.95) (end 1.68 0.95) (layer F.CrtYd) (width 0.05))
    (fp_line (start 1.68 0.95) (end -1.68 0.95) (layer F.CrtYd) (width 0.05))
    (fp_text user %R (at 0 0) (layer F.Fab)
      (effects (font (size 0.5 0.5) (thickness 0.08)))
    )
    (pad 1 smd roundrect (at -0.9375 0) (size 0.975 1.4) (layers F.Cu F.Paste F.Mask) (roundrect_rratio 0.25)
      (net 3 "Net-(C5-Pad1)"))
    (pad 2 smd roundrect (at 0.9375 0) (size 0.975 1.4) (layers F.Cu F.Paste F.Mask) (roundrect_rratio 0.25)
      (net 2 GND))
    (model ${KISYS3DMOD}/Capacitor_SMD.3dshapes/C_0805_2012Metric.wrl
      (at (xyz 0 0 0))
      (scale (xyz 1 1 1))
      (rotate (xyz 0 0 0))
    )
  )

  (module Capacitor_SMD:C_0805_2012Metric (layer F.Cu) (tedit 5B36C52B) (tstamp 5CAEAE19)
    (at 220.883751 29.663751)
    (descr "Capacitor SMD 0805 (2012 Metric), square (rectangular) end terminal, IPC_7351 nominal, (Body size source: https://docs.google.com/spreadsheets/d/1BsfQQcO9C6DZCsRaXUlFlo91Tg2WpOkGARC1WS5S8t0/edit?usp=sharing), generated with kicad-footprint-generator")
    (tags capacitor)
    (path /5C81D700)
    (attr smd)
    (fp_text reference C6 (at 0 -1.65) (layer F.SilkS)
      (effects (font (size 1 1) (thickness 0.15)))
    )
    (fp_text value 22pF (at 0 1.65) (layer F.Fab)
      (effects (font (size 1 1) (thickness 0.15)))
    )
    (fp_line (start -1 0.6) (end -1 -0.6) (layer F.Fab) (width 0.1))
    (fp_line (start -1 -0.6) (end 1 -0.6) (layer F.Fab) (width 0.1))
    (fp_line (start 1 -0.6) (end 1 0.6) (layer F.Fab) (width 0.1))
    (fp_line (start 1 0.6) (end -1 0.6) (layer F.Fab) (width 0.1))
    (fp_line (start -0.258578 -0.71) (end 0.258578 -0.71) (layer F.SilkS) (width 0.12))
    (fp_line (start -0.258578 0.71) (end 0.258578 0.71) (layer F.SilkS) (width 0.12))
    (fp_line (start -1.68 0.95) (end -1.68 -0.95) (layer F.CrtYd) (width 0.05))
    (fp_line (start -1.68 -0.95) (end 1.68 -0.95) (layer F.CrtYd) (width 0.05))
    (fp_line (start 1.68 -0.95) (end 1.68 0.95) (layer F.CrtYd) (width 0.05))
    (fp_line (start 1.68 0.95) (end -1.68 0.95) (layer F.CrtYd) (width 0.05))
    (fp_text user %R (at 0 0) (layer F.Fab)
      (effects (font (size 0.5 0.5) (thickness 0.08)))
    )
    (pad 1 smd roundrect (at -0.9375 0) (size 0.975 1.4) (layers F.Cu F.Paste F.Mask) (roundrect_rratio 0.25)
      (net 4 "Net-(C6-Pad1)"))
    (pad 2 smd roundrect (at 0.9375 0) (size 0.975 1.4) (layers F.Cu F.Paste F.Mask) (roundrect_rratio 0.25)
      (net 2 GND))
    (model ${KISYS3DMOD}/Capacitor_SMD.3dshapes/C_0805_2012Metric.wrl
      (at (xyz 0 0 0))
      (scale (xyz 1 1 1))
      (rotate (xyz 0 0 0))
    )
  )

  (module Capacitor_SMD:C_0805_2012Metric (layer F.Cu) (tedit 5B36C52B) (tstamp 5CAEB1D9)
    (at 217.473751 33.513751)
    (descr "Capacitor SMD 0805 (2012 Metric), square (rectangular) end terminal, IPC_7351 nominal, (Body size source: https://docs.google.com/spreadsheets/d/1BsfQQcO9C6DZCsRaXUlFlo91Tg2WpOkGARC1WS5S8t0/edit?usp=sharing), generated with kicad-footprint-generator")
    (tags capacitor)
    (path /5C80D87A)
    (attr smd)
    (fp_text reference C7 (at 0 -1.65) (layer F.SilkS)
      (effects (font (size 1 1) (thickness 0.15)))
    )
    (fp_text value 1uF (at 0 1.65) (layer F.Fab)
      (effects (font (size 1 1) (thickness 0.15)))
    )
    (fp_text user %R (at 0 0) (layer F.Fab)
      (effects (font (size 0.5 0.5) (thickness 0.08)))
    )
    (fp_line (start 1.68 0.95) (end -1.68 0.95) (layer F.CrtYd) (width 0.05))
    (fp_line (start 1.68 -0.95) (end 1.68 0.95) (layer F.CrtYd) (width 0.05))
    (fp_line (start -1.68 -0.95) (end 1.68 -0.95) (layer F.CrtYd) (width 0.05))
    (fp_line (start -1.68 0.95) (end -1.68 -0.95) (layer F.CrtYd) (width 0.05))
    (fp_line (start -0.258578 0.71) (end 0.258578 0.71) (layer F.SilkS) (width 0.12))
    (fp_line (start -0.258578 -0.71) (end 0.258578 -0.71) (layer F.SilkS) (width 0.12))
    (fp_line (start 1 0.6) (end -1 0.6) (layer F.Fab) (width 0.1))
    (fp_line (start 1 -0.6) (end 1 0.6) (layer F.Fab) (width 0.1))
    (fp_line (start -1 -0.6) (end 1 -0.6) (layer F.Fab) (width 0.1))
    (fp_line (start -1 0.6) (end -1 -0.6) (layer F.Fab) (width 0.1))
    (pad 2 smd roundrect (at 0.9375 0) (size 0.975 1.4) (layers F.Cu F.Paste F.Mask) (roundrect_rratio 0.25)
      (net 2 GND))
    (pad 1 smd roundrect (at -0.9375 0) (size 0.975 1.4) (layers F.Cu F.Paste F.Mask) (roundrect_rratio 0.25)
      (net 5 "Net-(C7-Pad1)"))
    (model ${KISYS3DMOD}/Capacitor_SMD.3dshapes/C_0805_2012Metric.wrl
      (at (xyz 0 0 0))
      (scale (xyz 1 1 1))
      (rotate (xyz 0 0 0))
    )
  )

  (module Diode_SMD:D_SOD-123 (layer B.Cu) (tedit 58645DC7) (tstamp 5CAF96FE)
    (at 72.26125 71.02325 90)
    (descr SOD-123)
    (tags SOD-123)
    (path /5CDFA39B/5CE467D2)
    (attr smd)
    (fp_text reference D11 (at 0 2 90) (layer B.SilkS)
      (effects (font (size 1 1) (thickness 0.15)) (justify mirror))
    )
    (fp_text value D_Small (at 0 -2.1 90) (layer B.Fab)
      (effects (font (size 1 1) (thickness 0.15)) (justify mirror))
    )
    (fp_text user %R (at 0 2 90) (layer B.Fab)
      (effects (font (size 1 1) (thickness 0.15)) (justify mirror))
    )
    (fp_line (start -2.25 1) (end -2.25 -1) (layer B.SilkS) (width 0.12))
    (fp_line (start 0.25 0) (end 0.75 0) (layer B.Fab) (width 0.1))
    (fp_line (start 0.25 -0.4) (end -0.35 0) (layer B.Fab) (width 0.1))
    (fp_line (start 0.25 0.4) (end 0.25 -0.4) (layer B.Fab) (width 0.1))
    (fp_line (start -0.35 0) (end 0.25 0.4) (layer B.Fab) (width 0.1))
    (fp_line (start -0.35 0) (end -0.35 -0.55) (layer B.Fab) (width 0.1))
    (fp_line (start -0.35 0) (end -0.35 0.55) (layer B.Fab) (width 0.1))
    (fp_line (start -0.75 0) (end -0.35 0) (layer B.Fab) (width 0.1))
    (fp_line (start -1.4 -0.9) (end -1.4 0.9) (layer B.Fab) (width 0.1))
    (fp_line (start 1.4 -0.9) (end -1.4 -0.9) (layer B.Fab) (width 0.1))
    (fp_line (start 1.4 0.9) (end 1.4 -0.9) (layer B.Fab) (width 0.1))
    (fp_line (start -1.4 0.9) (end 1.4 0.9) (layer B.Fab) (width 0.1))
    (fp_line (start -2.35 1.15) (end 2.35 1.15) (layer B.CrtYd) (width 0.05))
    (fp_line (start 2.35 1.15) (end 2.35 -1.15) (layer B.CrtYd) (width 0.05))
    (fp_line (start 2.35 -1.15) (end -2.35 -1.15) (layer B.CrtYd) (width 0.05))
    (fp_line (start -2.35 1.15) (end -2.35 -1.15) (layer B.CrtYd) (width 0.05))
    (fp_line (start -2.25 -1) (end 1.65 -1) (layer B.SilkS) (width 0.12))
    (fp_line (start -2.25 1) (end 1.65 1) (layer B.SilkS) (width 0.12))
    (pad 1 smd rect (at -1.65 0 90) (size 0.9 1.2) (layers B.Cu B.Paste B.Mask)
      (net 6 ROW0))
    (pad 2 smd rect (at 1.65 0 90) (size 0.9 1.2) (layers B.Cu B.Paste B.Mask)
      (net 12 "Net-(D11-Pad2)"))
    (model ${KISYS3DMOD}/Diode_SMD.3dshapes/D_SOD-123.wrl
      (at (xyz 0 0 0))
      (scale (xyz 1 1 1))
      (rotate (xyz 0 0 0))
    )
  )

  (module Diode_SMD:D_SOD-123 (layer B.Cu) (tedit 58645DC7) (tstamp 5CAEAFA1)
    (at 92.080492 72.581286 85)
    (descr SOD-123)
    (tags SOD-123)
    (path /5CDFA39B/5CE467D9)
    (attr smd)
    (fp_text reference D12 (at 0 2 85) (layer B.SilkS)
      (effects (font (size 1 1) (thickness 0.15)) (justify mirror))
    )
    (fp_text value D_Small (at 0 -2.1 85) (layer B.Fab)
      (effects (font (size 1 1) (thickness 0.15)) (justify mirror))
    )
    (fp_line (start -2.25 1) (end 1.65 1) (layer B.SilkS) (width 0.12))
    (fp_line (start -2.25 -1) (end 1.650001 -1) (layer B.SilkS) (width 0.12))
    (fp_line (start -2.35 1.15) (end -2.35 -1.15) (layer B.CrtYd) (width 0.05))
    (fp_line (start 2.35 -1.15) (end -2.35 -1.15) (layer B.CrtYd) (width 0.05))
    (fp_line (start 2.35 1.15) (end 2.35 -1.15) (layer B.CrtYd) (width 0.05))
    (fp_line (start -2.35 1.15) (end 2.35 1.15) (layer B.CrtYd) (width 0.05))
    (fp_line (start -1.4 0.9) (end 1.4 0.9) (layer B.Fab) (width 0.1))
    (fp_line (start 1.4 0.9) (end 1.4 -0.9) (layer B.Fab) (width 0.1))
    (fp_line (start 1.4 -0.9) (end -1.4 -0.9) (layer B.Fab) (width 0.1))
    (fp_line (start -1.4 -0.9) (end -1.4 0.9) (layer B.Fab) (width 0.1))
    (fp_line (start -0.75 0) (end -0.35 0.000001) (layer B.Fab) (width 0.1))
    (fp_line (start -0.35 0.000001) (end -0.35 0.55) (layer B.Fab) (width 0.1))
    (fp_line (start -0.35 0.000001) (end -0.35 -0.55) (layer B.Fab) (width 0.1))
    (fp_line (start -0.35 0.000001) (end 0.25 0.4) (layer B.Fab) (width 0.1))
    (fp_line (start 0.25 0.4) (end 0.25 -0.4) (layer B.Fab) (width 0.1))
    (fp_line (start 0.25 -0.4) (end -0.35 0.000001) (layer B.Fab) (width 0.1))
    (fp_line (start 0.25 0) (end 0.75 0) (layer B.Fab) (width 0.1))
    (fp_line (start -2.25 1) (end -2.25 -1) (layer B.SilkS) (width 0.12))
    (fp_text user %R (at 0 2 85) (layer B.Fab)
      (effects (font (size 1 1) (thickness 0.15)) (justify mirror))
    )
    (pad 2 smd rect (at 1.65 0 85) (size 0.9 1.2) (layers B.Cu B.Paste B.Mask)
      (net 13 "Net-(D12-Pad2)"))
    (pad 1 smd rect (at -1.65 0 85) (size 0.9 1.2) (layers B.Cu B.Paste B.Mask)
      (net 6 ROW0))
    (model ${KISYS3DMOD}/Diode_SMD.3dshapes/D_SOD-123.wrl
      (at (xyz 0 0 0))
      (scale (xyz 1 1 1))
      (rotate (xyz 0 0 0))
    )
  )

  (module Diode_SMD:D_SOD-123 (layer B.Cu) (tedit 58645DC7) (tstamp 5C9FD45F)
    (at 111.326702 74.883054 83)
    (descr SOD-123)
    (tags SOD-123)
    (path /5CDFA39B/5CE467E0)
    (attr smd)
    (fp_text reference D13 (at 0 2 83) (layer B.SilkS)
      (effects (font (size 1 1) (thickness 0.15)) (justify mirror))
    )
    (fp_text value D_Small (at 0 -2.1 83) (layer B.Fab)
      (effects (font (size 1 1) (thickness 0.15)) (justify mirror))
    )
    (fp_text user %R (at 0 2 83) (layer B.Fab)
      (effects (font (size 1 1) (thickness 0.15)) (justify mirror))
    )
    (fp_line (start -2.25 1) (end -2.25 -1) (layer B.SilkS) (width 0.12))
    (fp_line (start 0.25 0) (end 0.75 0) (layer B.Fab) (width 0.1))
    (fp_line (start 0.25 -0.4) (end -0.35 0) (layer B.Fab) (width 0.1))
    (fp_line (start 0.25 0.4) (end 0.25 -0.4) (layer B.Fab) (width 0.1))
    (fp_line (start -0.35 0) (end 0.25 0.4) (layer B.Fab) (width 0.1))
    (fp_line (start -0.35 0) (end -0.35 -0.55) (layer B.Fab) (width 0.1))
    (fp_line (start -0.35 0) (end -0.35 0.55) (layer B.Fab) (width 0.1))
    (fp_line (start -0.75 0) (end -0.35 0) (layer B.Fab) (width 0.1))
    (fp_line (start -1.4 -0.9) (end -1.4 0.9) (layer B.Fab) (width 0.1))
    (fp_line (start 1.4 -0.9) (end -1.4 -0.9) (layer B.Fab) (width 0.1))
    (fp_line (start 1.4 0.9) (end 1.4 -0.9) (layer B.Fab) (width 0.1))
    (fp_line (start -1.4 0.9) (end 1.4 0.9) (layer B.Fab) (width 0.1))
    (fp_line (start -2.35 1.15) (end 2.35 1.15) (layer B.CrtYd) (width 0.05))
    (fp_line (start 2.35 1.15) (end 2.35 -1.15) (layer B.CrtYd) (width 0.05))
    (fp_line (start 2.35 -1.15) (end -2.35 -1.15) (layer B.CrtYd) (width 0.05))
    (fp_line (start -2.35 1.15) (end -2.35 -1.15) (layer B.CrtYd) (width 0.05))
    (fp_line (start -2.25 -1) (end 1.65 -1) (layer B.SilkS) (width 0.12))
    (fp_line (start -2.25 1) (end 1.65 1) (layer B.SilkS) (width 0.12))
    (pad 1 smd rect (at -1.65 0 83) (size 0.9 1.2) (layers B.Cu B.Paste B.Mask)
      (net 6 ROW0))
    (pad 2 smd rect (at 1.65 0 83) (size 0.9 1.2) (layers B.Cu B.Paste B.Mask)
      (net 14 "Net-(D13-Pad2)"))
    (model ${KISYS3DMOD}/Diode_SMD.3dshapes/D_SOD-123.wrl
      (at (xyz 0 0 0))
      (scale (xyz 1 1 1))
      (rotate (xyz 0 0 0))
    )
  )

  (module Diode_SMD:D_SOD-123 (layer B.Cu) (tedit 58645DC7) (tstamp 5CAEB151)
    (at 130.705341 78.602945 79)
    (descr SOD-123)
    (tags SOD-123)
    (path /5CDFA39B/5CE467E7)
    (attr smd)
    (fp_text reference D14 (at 0 2 79) (layer B.SilkS)
      (effects (font (size 1 1) (thickness 0.15)) (justify mirror))
    )
    (fp_text value D_Small (at 0 -2.1 79) (layer B.Fab)
      (effects (font (size 1 1) (thickness 0.15)) (justify mirror))
    )
    (fp_line (start -2.25 1) (end 1.65 1) (layer B.SilkS) (width 0.12))
    (fp_line (start -2.25 -1) (end 1.65 -1) (layer B.SilkS) (width 0.12))
    (fp_line (start -2.35 1.15) (end -2.35 -1.15) (layer B.CrtYd) (width 0.05))
    (fp_line (start 2.35 -1.15) (end -2.35 -1.15) (layer B.CrtYd) (width 0.05))
    (fp_line (start 2.35 1.15) (end 2.35 -1.15) (layer B.CrtYd) (width 0.05))
    (fp_line (start -2.35 1.15) (end 2.35 1.15) (layer B.CrtYd) (width 0.05))
    (fp_line (start -1.4 0.9) (end 1.4 0.9) (layer B.Fab) (width 0.1))
    (fp_line (start 1.4 0.9) (end 1.4 -0.9) (layer B.Fab) (width 0.1))
    (fp_line (start 1.4 -0.9) (end -1.4 -0.9) (layer B.Fab) (width 0.1))
    (fp_line (start -1.4 -0.9) (end -1.4 0.9) (layer B.Fab) (width 0.1))
    (fp_line (start -0.75 0) (end -0.35 0) (layer B.Fab) (width 0.1))
    (fp_line (start -0.35 0) (end -0.35 0.55) (layer B.Fab) (width 0.1))
    (fp_line (start -0.35 0) (end -0.35 -0.55) (layer B.Fab) (width 0.1))
    (fp_line (start -0.35 0) (end 0.25 0.4) (layer B.Fab) (width 0.1))
    (fp_line (start 0.25 0.4) (end 0.25 -0.4) (layer B.Fab) (width 0.1))
    (fp_line (start 0.25 -0.4) (end -0.35 0) (layer B.Fab) (width 0.1))
    (fp_line (start 0.25 0) (end 0.75 0) (layer B.Fab) (width 0.1))
    (fp_line (start -2.25 1) (end -2.25 -1) (layer B.SilkS) (width 0.12))
    (fp_text user %R (at 0 2 79) (layer B.Fab)
      (effects (font (size 1 1) (thickness 0.15)) (justify mirror))
    )
    (pad 2 smd rect (at 1.65 0 79) (size 0.9 1.2) (layers B.Cu B.Paste B.Mask)
      (net 15 "Net-(D14-Pad2)"))
    (pad 1 smd rect (at -1.65 0 79) (size 0.9 1.2) (layers B.Cu B.Paste B.Mask)
      (net 6 ROW0))
    (model ${KISYS3DMOD}/Diode_SMD.3dshapes/D_SOD-123.wrl
      (at (xyz 0 0 0))
      (scale (xyz 1 1 1))
      (rotate (xyz 0 0 0))
    )
  )

  (module Diode_SMD:D_SOD-123 (layer B.Cu) (tedit 58645DC7) (tstamp 5CAEB109)
    (at 149.300791 83.457915 78)
    (descr SOD-123)
    (tags SOD-123)
    (path /5CDFA39B/5CE467EE)
    (attr smd)
    (fp_text reference D15 (at 0 2 78) (layer B.SilkS)
      (effects (font (size 1 1) (thickness 0.15)) (justify mirror))
    )
    (fp_text value D_Small (at 0 -2.1 78) (layer B.Fab)
      (effects (font (size 1 1) (thickness 0.15)) (justify mirror))
    )
    (fp_line (start -2.25 1) (end 1.65 1) (layer B.SilkS) (width 0.12))
    (fp_line (start -2.25 -1) (end 1.65 -1) (layer B.SilkS) (width 0.12))
    (fp_line (start -2.35 1.15) (end -2.35 -1.15) (layer B.CrtYd) (width 0.05))
    (fp_line (start 2.35 -1.15) (end -2.35 -1.15) (layer B.CrtYd) (width 0.05))
    (fp_line (start 2.35 1.15) (end 2.35 -1.15) (layer B.CrtYd) (width 0.05))
    (fp_line (start -2.35 1.15) (end 2.35 1.15) (layer B.CrtYd) (width 0.05))
    (fp_line (start -1.4 0.9) (end 1.4 0.9) (layer B.Fab) (width 0.1))
    (fp_line (start 1.4 0.9) (end 1.4 -0.9) (layer B.Fab) (width 0.1))
    (fp_line (start 1.4 -0.9) (end -1.4 -0.9) (layer B.Fab) (width 0.1))
    (fp_line (start -1.4 -0.9) (end -1.4 0.9) (layer B.Fab) (width 0.1))
    (fp_line (start -0.75 0) (end -0.35 0) (layer B.Fab) (width 0.1))
    (fp_line (start -0.35 0) (end -0.35 0.55) (layer B.Fab) (width 0.1))
    (fp_line (start -0.35 0) (end -0.35 -0.55) (layer B.Fab) (width 0.1))
    (fp_line (start -0.35 0) (end 0.25 0.4) (layer B.Fab) (width 0.1))
    (fp_line (start 0.25 0.4) (end 0.25 -0.4) (layer B.Fab) (width 0.1))
    (fp_line (start 0.25 -0.4) (end -0.35 0) (layer B.Fab) (width 0.1))
    (fp_line (start 0.25 0) (end 0.75 0) (layer B.Fab) (width 0.1))
    (fp_line (start -2.25 1) (end -2.25 -1) (layer B.SilkS) (width 0.12))
    (fp_text user %R (at 0 2 78) (layer B.Fab)
      (effects (font (size 1 1) (thickness 0.15)) (justify mirror))
    )
    (pad 2 smd rect (at 1.65 0 78) (size 0.9 1.2) (layers B.Cu B.Paste B.Mask)
